853
443
123
53
32768
513
514
515
1025
1026
1027
7
1029
9
1028
49153
49154
13
49157
49155
20
21
22
23
49156
25
26
543
544
20000
5666
548
37
5671
5672
554
49152
3128
2049
5190
2121
587
79
80
81
1110
88
102
106
110
111
623
113
119
631
646
135
139
143
144
2717
5800
179
1720
8888
1723
199
1755
3306
6379
5357
8443
5900
9999
10000
4899
6443
5432
3389
8000
322
8008
8009
1883
5989
873
1900
6000
6001
1911
389
5000
27017
9100
8080
5009
3986
8081
1433
7070
427
3000
444
445
5051
5060
11211
2000
465
2001
2005
990
992
993
995
5101
1521
6646
502
5631
